PATHROW	MIICA06_P1	MIICA11_P1	MIICA06_P2	MIICA11_P2	ExtraScene
					
1029	20051021	20111107	20060922	20100901	20110531
1127	20060913	20110911	20070527	20110522	20110927
1128	20050708	20090804	20060913	20110911	20110927
1129	20050910	20090921	20060508	20090430	20101111
1130	20050910	20110927	20060508	20110506	20101111
1131	20050724	20100722	20061015	20101010	20110607
1227	20060429	20110513	20070822	20110817	20100830
1228	20060429	20110513	20070822	20110817	20100830
1229	20040914	20090827	20050512	20100424	20100830
1230	20060429	20100424	20070923	20100830	20111105
1231	20060429	20100424	20060920	20100830	20100526
1232	20060429	20110326	20061209	20111105	20100830
1329	20050924	20090818	20060420	20100415	20100517
1330	20050924	20090818	20060420	20100415	20101008
1331	20050908	20101008	20060420	20110418	20061013
1332	20050908	20100906	20070712	20100704	20101008
1429	20050510	20090521	20051001	20090926	20090419
1430	20050510	20090521	20070804	20100828	20090926
1431	20050510	20090521	20070804	20100828	20110730
1432	20051001	20100828	20061121	20091129	
1433	20050219	20091129	20060801	20090825	20090521
1434	20051102	20101015	20060630	20090809	20110103
1435	20060411	20100406	20060801	20090809	20101031
1436	20051017	20101015	20060411	20100406	20100508
1529	20050906	20100819	20070523	20110603	20060605
1530	20061027	20111009	20070523	20110603	20110705
1531	20060418	20100429	20070523	20110603	20111009
1532	20050415	20090426	20050704	20090715	20091019
1533	20050415	20090426	20050805	20090715	20091019
1534	20060128	20110211	20060824	20100904	20091019
1535	20050226	20101209	20060504	20100429	20101022
1536	20070131	20100123	20070421	20100413	20091019
1537	20050125	20100208	20060504	20100702	20101022
1541	20050125	20090205	20060504	20090613	20111110
1542	20050125	20100208	20060504	20090205	20111110
1543	20050125	20090205	20060504	20100208	20111110
1629	20050508	20100420	20050913	20100911	20101013
1630	20050508	20100404	20050913	20101013	20111101
1631	20050913	20101013	20060409	20100404	20111101
1632	20050508	20090519	20051031	20101013	20090417
1633	20050508	20090519	20050913	20090706	20090417
1634	20050508	20090519	20051031	20100810	20090417
1635	20050727	20100725	20051015	20101029	20110525
1636	20050727	20100623	20061103	20101029	20101114
1637	20060119	20100319	20060425	20100607	20101029
1638	20050524	20110525	20051015	20101013	20101114
1639	20060308	20110322	20061205	20101216	20110525
1640	20050305	20110322	20061119	20101216	20110525
1641	20050305	20110322	20061119	20101216	20101114
1642	20041215	20101216	20050305	20110322	20101114
1730	20061009	20111007	20070521	20110601	20110820
1731	20050413	20090323	20061009	20111007	20111108
1732	20050413	20110414	20061009	20111007	20100918
1733	20061009	20111007	20070403	20110414	20111023
1734	20070302	20110313	20070825	20100902	20110414
1735	20050803	20100902	20051107	20111023	20100411
1736	20051107	20091001	20070521	20100411	20090424
1737	20050904	20100902	20060126	20101223	20091001
1738	20051123	20101207	20060502	20110430	20110313
1739	20051123	20101207	20060502	20110430	20110313
1740	20051123	20101207	20060502	20110430	20110313
1741	20060126	20101223	20060502	20110430	20110313
1831	20050623	20110608	20051114	20101112	20100808
1832	20051114	20101112	20060813	20100808	20110710
1833	20050404	20101128	20060813	20100808	20100925
1834	20050404	20100418	20050911	20100909	20101128
1835	20050420	20100418	20051029	20101011	20101128
1836	20050420	20100418	20051029	20101011	20101128
1837	20051029	20101112	20060423	20100402	20101214
1838	20060610	20100520	20061219	20101214	20110507
1839	20050911	20110912	20061219	20101214	20110507
1931	20060617	20110701	20061124	20111106	20110903
1932	20050902	20110903	20061007	20111005	20110530
1933	20061007	20110903	20061124	20111106	20110530
1934	20051004	20111005	20061124	20111106	20110530
1935	20060703	20100831	20061124	20101119	20101002
1936	20060414	20100409	20061124	20101119	20101002
1937	20050902	20110903	20060414	20100409	20100220
1938	20060414	20100409	20061124	20101119	20100220
1939	20061007	20111005	20070228	20110311	20100409
2029	20050520	20110505	20050909	20100907	20110606
2030	20050520	20110505	20060624	20110708	20110606
2031	20050504	20110505	20051112	20101009	20110606
2032	20051112	20101009	20060523	20090531	20101110
2033	20060523	20110505	20061030	20101009	20100923
2034	20060405	20110403	20061014	20101009	20100923
2035	20060405	20110403	20061014	20101009	20110129
2036	20060405	20110403	20061014	20101009	20110129
2037	20060405	20110403	20061014	20101009	20110129
2038	20060131	20100126	20060928	20101009	20100331
2039	20060131	20110129	20061014	20101009	20110505
2128	20060428	20100423			20100829
2129	20060428	20100322		20100829	20100423
2130	20051018	20111003	20060615	20110613	20110901
2131	20060428	20111104	20060717	20110731	20100914
2132	20060802	20100829	20061122	20101016	20100626
2133	20060223	20110104	20060717	20110629	20101016
2134	20060223	20110104	20060717	20110629	20101016
2135	20060207	20100306	20061021	20101016	20100930
2136	20060207	20100306	20061021	20101016	20100930
2137	20060207	20100306	20061005	20100930	20101117
2138	20050308	20100306	20051018	20111003	20101016
2139	20051018	20101016	20060207	20100218	20111003
2140	20041015	20100930	20060207	20100218	20111003
2228	20050806	20100703	20050923	20101007	20100617
2229	20050806	20100703	20050923	20101007	20100516
2230	20070609	20100601	20050416	20100430	
2231	20050416	20090411	20051009	20101007	20100703
2232	20050416	20100414	20050907	20100820	20101007
2233	20070422	20100414	20070609	20100703	20101007
2234	20050416	20100414	20060708	20100804	20101007
2235	20061028	20101007	20070422	20100414	20111111
2236	20050211	20110316	20050806	20110823	20110417
2237	20060521	20110417	20070929	20110908	20110316
2238	20050211	20100225	20060926	20100905	20101007
2239	20050211	20110212	20060926	20101007	20110604
2240	20050211	20110212	20060926	20101007	20110604
2328	20060715	20100710	20050407		20100827
2329	20060715	20110729		20090520	20100710
2330	20060426	20100523			20100624
2331	20060426	20100523	20060715	20100624	20100912
2332	20060410	20100421	20060731	20100827	20100912
2333	20050930	20101014	20060731	20100827	20100912
2334	20050930	20101014	20060731	20100811	20101030
2335	20050930	20100912	20060512	20100507	20100304
2336	20060512	20100507	20061003	20100912	20100304
2337	20060512	20100507	20061003	20100928	20100304
2338	20050117	20100216	20061003	20101014	20111001
2339	20051016	20101014	20051117	20101201	20111001
2340	20040927	20111001	20060205	20100216	20101014
2427	20060417	20100428	20060706	20110602	20101005
2428	20060417	20100428	20060604	20110602	20101005
2429	20050719	20100717	20060417	20100428	20111024
2430	20050719	20100701	20060417	20110517	20111008
2431	20050719	20100701	20051124	20101106	20111008
2432	20050414	20100412	20050921	20101005	20101021
2433	20050414	20100412	20050905	20101005	20101021
2434	20050414	20100412	20050905	20101005	20101021
2435	20060417	20100412	20060706	20100701	20110906
2436	20050414	20100412	20051124	20101106	20110906
2437	20050921	20110906	20060519	20110602	20111008
2438	20051023	20101005	20060212	20100122	20110906
2439	20050921	20101005	20060212	20100122	20110906
2526	20060611	20100606	20060915	20100809	20091110
2527	20050421	20091110			20090603
2528	20050827	20090603	20061001	20100926	20091110
2529	20051014	20101012	20060408	20100318	20100926
2530	20061001	20101012	20070614	20100505	20100910
2531	20051014	20101012	20060408	20100403	20110913
2532	20060408	20100403	20060915	20100825	20111031
2533	20060408	20100403	20060915	20110929	20111031
2534	20060408	20100403	20060915	20110929	20111031
2535	20060915	20110828	20061102	20111031	20110609
2536	20060915	20110828	20061118	20111031	20110609
2537	20060915	20110929	20061118	20111031	20111015
2538	20041214	20091126	20061118	20101028	20110828
2539	20040504	20100505	20040909	20100825	20110828
2540	20040909	20101028	20041214	20091110	20110828
2627	20050701	20090626	20061125	20101003	20100410
2628	20060602	20100715	20070418	20100325	20091117
2629	20050717	20100715	20061109	20111107	20111006
2630	20050717	20100715	20061109	20111107	20111006
2631	20050717	20110718	20061109	20111107	20100816
2632	20060906	20110904	20070418	20110429	20100816
2633	20070418	20110413	20070707	20110718	20110819
2634	20060805	20110803	20070402	20110413	20110702
2635	20060805	20110803	20061109	20101104	20110429
2636	20060501	20110429	20061024	20101104	20110803
2637	20060226	20110208	20060501	20110429	20110702
2638	20050428	20110429	20060226	20110208	20110819
2639	20040409	20110429	20051021	20110429	20101104
2640	20040815	20100731	20060314	20101104	20101003
2641	20040714	20100528	20070213	20110312	20101003
2642	20050412	20110429	20061227	20110107	20110803
2726	20050622	20100706	20050926	20110911	20100519
2727	20050622	20100706	20050926	20110911	20100519
2728	20050622	20110607	20050926	20110911	20100519
2729	20050622	20110607	20051028	20111029	20110725
2730	20050606	20110607	20051028	20111029	20110911
2731	20050606	20110607	20051028	20111029	20111013
2732	20050521	20110607	20051028	20111013	20100924
2733	20050622	20110607	20061031	20111013	20100924
2734	20050521	20110607	20061031	20111013	20100924
2735	20051113	20101127	20060609	20110607	20110927
2736	20051113	20101127	20060609	20110607	20110911
2737	20050521	20110607	20061116	20101127	20110911
2738	20050926	20100823	20061116	20101127	20110810
2739	20050926	20110911	20061116	20101127	20100823
2740	20050926	20100823	20061116	20101127	20110911
2741	20050926	20100823	20061116	20101127	20110911
2742	20050809	20100823	20061116	20101127	20110911
2826	20060904	20110817	20070416	20110411	20100526
2827	20060904	20110817	20070502	20100408	20100526
2828	20060803	20110817	20070502	20100408	20100526
2829	20060803	20110817	20070923	20111020	20110411
2830	20050309	20100408	20060803	20110817	
2831	20050309	20100408	20050901	20100830	20101001
2832	20060413	20100408	20060718	20110801	20101001
2833	20060413	20110411	20060718	20110801	20101001
2834	20060413	20110411	20060718	20110716	20101001
2835	20050731	20110716	20061006	20111004	20110105
2836	20050731	20100814	20060920	20111004	20110105
2837	20060413	20110411	20060920	20111004	20110105
2838	20060208	20101204	20060920	20111004	20110411
2839	20050426	20100424	20061123	20101204	20101001
2840	20050426	20100424	20061107	20101118	20101001
2841	20060718	20110801	20061107	20101204	20101001
2926	20050823	20110909	20061114	20101109	20110925
2927	20050823	20110824	20061114	20101109	20110909
2928	20060826	20110824	20061029	20111011	20110909
2929	20060709	20100805	20061013	20101008	20110909
2930	20060623	20100618	20061013	20101008	20110824
2931	20050807	20100821	20061013	20101008	20110824
2932	20050519	20110605	20061029	20101008	20110824
2933	20050519	20110605	20061029	20101008	20110824
2934	20050519	20110605	20061029	20101008	20110925
2935	20060725	20100720	20061013	20110925	20110128
2936	20060725	20110621	20060927	20110925	20110213
2937	20060725	20110707	20061013	20110925	20110213
2938	20050924	20100906	20070101	20110128	20110605
2939	20060927	20101008	20070101	20110128	20110605
2940	20050924	20101008	20070101	20110213	20110605
3026	20050713	20110730	20061004	20111002	20110628
3027	20061004	20111002	20070719	20110730	20100929
3028	20050830	20100913	20061105	20111103	20111002
3029	20050830	20100913	20061105	20111018	20100422
3030	20050830	20110730	20061105	20111018	20100913
3031	20050627	20100625	20061105	20101015	20100727
3032	20051118	20101202	20060716	20100727	20100711
3033	20060716	20100727	20061105	20101015	20100711
3034	20050830	20100828	20051118	20101031	20100727
3035	20050830	20100812	20051118	20101202	20111002
3036	20050830	20100812	20051118	20101202	20111002
3037	20050830	20100812	20051118	20101202	20111002
3038	20051001	20111002	20060206	20100217	20100929
3039	20051001	20111002	20060206	20100217	20100929
3040	20050323	20100217	20051001	20111018	20100929
3126	20050618	20110705	20051024	20101022	20110907
3127	20050618	20110705	20051024	20101022	20110907
3128	20050805	20100904	20051024	20101022	20110907
3129	20050618	20100616	20061027	20101006	20110907
3130	20060605	20110603	20061027	20101006	20110907
3131	20050805	20110822	20061027	20101006	20100904
3132	20061027	20111110	20070827	20110822	20100904
3133	20050720	20100803	20061027	20111110	20100904
3134	20051125	20101123	20060723	20100803	20100904
3135	20060808	20100803	20061128	20101123	20110923
3136	20060808	20100803	20061128	20101123	20110923
3137	20060824	20100904	20061128	20101123	20110923
3138	20050922	20100904	20060128	20110211	20100803
3139	20050922	20101006	20060128	20110110	20100803
3140	20050922	20101006	20060213	20110211	20111110
3226	20050422	20100420	20060714	20110712	20100826
3227	20050422	20100420	20050828	20100826	20100725
3228	20050828	20100826	20060425	20100420	20100725
3229	20050727	20100725	20051015	20111016	20100826
3230	20050828	20100826	20051015	20101013	20100725
3231	20050828	20100810	20051031	20101029	20100826
3232	20050828	20100810	20061119	20111101	20100623
3233	20050828	20100826	20061119	20111101	20100623
3234	20060730	20100826	20061119	20111016	20100623
3235	20050609	20100623	20051116	20101029	20111016
3236	20050609	20100522	20051116	20101029	20111016
3237	20050609	20100522	20051116	20101029	20111016
3238	20060220	20100303	20061002	20101013	20100522
3239	20060204	20110218	20061119	20101029	20111101
3326	20050920	20101004	20060806	20100817	20110905
3327	20050718	20100716	20050920	20101004	20110905
3328	20070622	20110703	20070809	20110905	20100716
3329	20050702	20100716	20050920	20101004	20110703
3330	20050702	20100716	20050920	20101004	20110703
3331	20050702	20100716	20050920	20101004	20110703
3332	20050702	20100716	20051022	20101020	20100817
3333	20050904	20100817	20051022	20101020	20100918
3334	20050803	20100817	20051022	20101020	20100918
3335	20050616	20110617	20051022	20101105	20100902
3336	20050702	20110617	20051022	20101105	20100902
3337	20050531	20100614	20051022	20101105	20111023
3338	20050702	20100614	20051022	20101105	20100902
3426	20060930	20111030	20070715	20110827	20100925
3427	20060829	20100925	20070715	20110827	20100808
3428	20060930	20111030	20070629	20100621	20100925
3429	20060930	20100925	20070629	20110624	20110827
3430	20060930	20110928	20070715	20110811	20110827
3431	20060728	20110811	20060930	20110928	20110827
3432	20060525	20110608	20060728	20090821	20110928
3433	20050911	20100925	20060525	20110608	20110928
3434	20060525	20110608	20071003	20110928	20111014
3435	20050522	20100520	20060930	20100925	20110624
3436	20060407	20110405	20061101	20101011	20110624
3437	20060509	20110507	20061016	20101011	20110624
3438	20050927	20101011	20060423	20110421	20110624
3526	20050801	20100730	20050902	20101002	20110818
3527	20050614	20100628	20050902	20101002	20110802
3528	20050614	20100628	20050902	20101002	20100730
3529	20050614	20100628	20050902	20101002	20100714
3530	20060516	20110615	20060905	20100916	20100714
3531	20060601	20100628	20060905	20110903	20110818
3532	20050716	20100815	20060601	20110615	20101002
3533	20060601	20110615	20060905	20110818	20101002
3534	20050918	20100916	20060617	20110701	20101002
3535	20060617	20110701	20061108	20101103	20111021
3536	20060617	20110615	20061108	20101103	20111021
3537	20060617	20110615	20061108	20101103	20111021
3538	20060617	20110615	20061108	20101103	20110919
3626	20050723	20110724	20060421	20100416	20110910
3627	20050723	20110724	20060421	20100416	20110910
3628	20050621	20110724	20060421	20100416	20110910
3629	20060421	20100416	20070830	20110910	20110724
3630	20050520	20110606	20060912	20110910	20110724
3631	20060421	20110505	20060912	20110910	20110724
3632	20060624	20110622	20060912	20100907	20100705
3633	20060624	20110622	20060912	20111012	20100705
3634	20060624	20110622	20060928	20111012	20100705
3635	20060523	20110505	20061030	20111012	20100705
3636	20061030	20111028	20070526	20110606	20100705
3637	20050707	20110622	20050925	20111012	20100705
3638	20060507	20110521	20060928	20111012	20100619
3726	20050730	20110731	20060903	20100930	20111003
3727	20050714	20110629	20060903	20100930	20111003
3728	20050714	20110715	20060903	20100930	20111003
3729	20060514	20110512	20060903	20100930	20110816
3730	20060514	20110512	20060903	20100930	20110816
3731	20050714	20110715	20060903	20110816	20100930
3732	20060903	20100813	20070821	20100930	20110715
3733	20051119	20111104	20070704	20110715	20100813
3734	20061106	20101101	20070618	20110715	20100813
3735	20060530	20100525	20060919	20101117	20100813
3736	20060530	20110528	20060919	20111019	20110715
3737	20050916	20110917	20060615	20110528	20110715
3738	20060412	20110512	20060919	20110917	20110731
3826	20041006	20110924	20050705	20110706	20110908
3827	20041006	20110924	20050806	20100820	20110908
3828	20041006	20110924	20050721	20090716	20100820
3829	20050721	20100820	20050907	20090918	20110924
3830	20050721	20100719	20060926	20100921	20110823
3831	20060622	20110722	20060926	20100921	20110823
3832	20060622	20100703	20061012	20100921	20100905
3833	20061012	20110924	20070625	20110722	20100905
3834	20061012	20110924	20070625	20110722	20100905
3835	20061012	20111010	20070508	20110503	20110807
3836	20050705	20110620	20060113	20110127	20110807
3837	20050619	20110604	20060129	20110127	20110807
3838	20050619	20110604	20060129	20110127	20110807
3926	20050712	20110729	20060901	20110915	20100827
3927	20050712	20110729	20060901	20100912	20100827
3928	20050712	20110729	20060901	20100928	20100827
3929	20050712	20110729	20050914	20100928	20100912
3930	20050930	20100928	20060613	20110729	20110814
3931	20050712	20110729	20050930	20100928	20110814
3932	20050930	20100928	20060715	20110627	20100811
3933	20070616	20110627	20070920	20100928	20100811
3934	20050829	20100811	20051117	20111102	20100928
3935	20050712	20110627	20051117	20111102	20110830
3936	20060816	20110830	20061120	20111102	20110713
3937	20060528	20110526	20061104	20111102	20110830
4026	20050804	20110821	20051023	20101021	20110906
4027	20050820	20110821	20051023	20101021	20110906
4028	20050719	20100717	20051023	20101021	20110906
4029	20050820	20100818	20051023	20101021	20100802
4030	20070709	20110720	20070911	20110922	20100818
4031	20060620	20110720	20060924	20110922	20100802
4032	20070709	20110720	20070927	20110922	20100903
4033	20060924	20100919	20070709	20110720	20100903
4034	20060620	20100701	20060924	20100919	20100903
4035	20050617	20100701	20050905	20100919	20100903
4036	20050703	20100701	20051007	20111008	20100903
4037	20060212	20110210	20060706	20100717	20110805
4126	20040925	20110929	20050827	20100825	20100724
4127	20060814	20100825	20061001	20110929	20100724
4128	20060814	20100825	20061001	20110929	20100724
4129	20050726	20100724	20050928	20110929	20110812
4130	20050928	20110929	20060713	20100724	20110812
4131	20050928	20110929	20070630	20110711	20110812
4132	20051014	20101012	20060713	20100724	20100926
4133	20051014	20111031	20060713	20110625	20100926
4134	20051014	20111031	20060814	20110812	20100926
4135	20051014	20111031	20060713	20100809	20100926
4136	20061204	20101113	20070513	20110524	20100926
4137	20070310	20110305	20070902	20110828	20100926
4226	20050530	20100613	20060805	20100816	20110904
4227	20050530	20100613	20070723	20110819	20110904
4228	20050919	20110904	20060720	20100715	20100816
4229	20050717	20110803	20050919	20110920	20100816
4230	20050717	20110718	20050903	20110904	20100816
4231	20050717	20110718	20050903	20110904	20100816
4232	20061008	20111022	20070808	20110718	20100816
4233	20050701	20100715	20051005	20111022	20100816
4234	20060821	20100816	20061024	20111022	20100901
4235	20050802	20110819	20060618	20100629	20100731
4236	20060210	20110123	20060704	20110702	20110718
4326	20050926	20090921	20060929	20110911	20110826
4327	20060727	20100807	20060929	20110911	20110826
4328	20060727	20100807	20060929	20110911	20110826
4329	20060727	20100807	20060929	20100924	20100823
4330	20060812	20110826	20060929	20100924	20100823
4331	20060711	20110725	20060929	20100924	20100823
4332	20070714	20110725	20071002	20110927	20110810
4333	20060727	20100722	20071002	20110927	20110810
4334	20050724	20110725	20051012	20111013	20100503
4335	20050708	20110725	20051028	20111029	20100503
4336	20051028	20111029	20060201	20100212	20100823
4426	20050731	20110801	20061022	20101017	20110817
4427	20060702	20100627	20061022	20101017	20110801
4428	20060718	20100627	20061022	20101017	20110801
4429	20061022	20101001	20070705	20110614	20100814
4430	20061022	20101001	20070907	20110902	20100814
4431	20050715	20100729	20061022	20111020	20100814
4432	20060718	20100729	20061022	20101001	20110902
4433	20060123	20110121	20060616	20110614	20110918
4434	20060616	20100611	20060920	20110918	20091115
4435	20050120	20110121	20060616	20100611	20110918
4526	20060927	20091005	20070728	20090701	20090530
4527	20050620	20090701	20060927	20091005	20090802
4528	20050620	20110621	20060927	20110909	20110723
4529	20050620	20090701	20050908	20090818	20090530
4530	20060623	20100704	20060826	20100906	20100720
4531	20060623	20100704	20061029	20100906	20100720
4532	20060623	20100704	20061013	20100906	20060826
4533	20050924	20100906	20060725	20100704	20110504
4626	20060716	20110730			
4627	20060716	20110730			
4628	20060513	20090521			20090910
4629	20050729	20100812			
4630	20060817	20100812			
4631	20050830	20090926			
4632	20050830	20110831	20051017	20111018	20090622
4726	20060723	20110705		20101006	20110705
4727	20060723	20110705		20101006	20110705
4728	20060707	20110705		20101006	20110705
4729	20060707	20090629			
4826	20050727	20100725			20110101
4827	20050727	20100725			2010013
